1 3 1 21 1 2745.1216607531333 -0.5530117179977685 -0.8516818216709398 0.8395471083891122 4.93816435236092 0.135045
2 3 0 21 1 3471.1295828199877 -0.7444333562657315 4.59084635248582 1.2762047977446027 1.2826824803042174 0.129853
3 1 0 21 1 2666.934955981725 -0.4633089994037911 4.673672928145659 1.9084180292530553 1.0028035965238684 0.346787
4 2 1 21 1 4064.2509555509096 -0.7404687275014703 3.134214350188713 1.8103797819593535 6.191798188258067 0.0974539
5 1 0 21 1 3317.5614186232724 -0.6178764797191673 3.1927228693597844 2.8832824030192596 0.3036768628767579 0.187826
6 3 1 21 0 2904.671036453675 -0.8343125551530844 1.110922825706922 1.5590943597265665 0.3382881210419589 0.0792345
7 1 0 21 1 2785.0370433900657 -1.1770131454495978 -0.8826799809144252 1.0671423468631822 1.0023685681015873 0.00675876
8 3 0 21 1 1422.6299593431936 -0.26447695082731554 1.316879428801211 2.21248241994698 5.812032150340067 0.000559994
9 2 1 21 1 2818.3795152234584 -0.06813501663824684 1.8768959101353122 1.8835742862408202 5.70048169816091 0.480939
10 1 1 21 1 2810.931312035366 -0.8393292789917624 2.4997697706074575 1.8606322545157172 0.5019915343596529 0.00139697
11 1 0 21 0 2839.341856188723 -0.2172051373123464 2.539059472270527 1.7492286447789602 5.689347596585884 2.68382e-05
12 3 1 21 0 1129.7704645408376 -0.4504626263111134 0.31306643660737576 2.8294377913142874 0.6375310606878312 0.211286
13 1 0 21 1 2031.3029272840638 -0.09954971241483163 1.3565521490551058 1.3342505467441466 5.303506040900582 0.0839015
14 1 1 21 1 1582.6707890979749 -0.07708652040203488 3.7383756529812233 0.5308797376081823 6.248693243497502 0.464549
15 1 0 21 1 3428.678175932651 -0.5295169023104747 -1.3189348631311044 1.576383365861427 5.3750201171585905 0.0320211
16 2 0 21 1 2057.0801358169792 0.04771591096860175 0.9627295221347555 1.3189360246220292 1.3229981622237583 0.0752357
17 2 0 21 0 2550.9342916464275 -0.9479221162774797 2.6967029782251655 2.0319940375520558 1.1294681512803715 0.0340011
18 2 0 21 0 2748.6192780234246 -0.029794561413894763 -1.1660307235644207 1.651726341981306 1.4686538152820015 0.230341
19 3 1 21 1 3162.2467872714897 -0.6612234837899883 1.0525345889807107 1.3335829027546855 0.15039086935135823 0.0277193
20 1 0 21 0 2844.128140963488 -0.2312584767863301 1.968790767550427 2.5875300090482023 5.637850856590417 0.12021
21 1 0 21 1 3015.709386418933 -0.6952873159107663 -0.5145415513797654 1.7070273184560896 4.852450788762785 0.0137395
22 1 0 21 1 2701.532257667641 -0.2208828847918906 3.7770216609903815 1.3790128249953064 4.951630608239739 0.0227226
23 1 0 21 1 2949.4020255320925 0.002752497008083549 0.9837684125687992 1.9037903029086825 5.438358276160094 0.564968
24 3 0 21 0 2408.208381160733 0.02828961864093667 0.4804306664795296 1.953442957716849 0.6378325349505753 0.00447335
25 2 1 21 1 2824.620415486589 -0.12490116060240646 1.615353379982046 0.8911268292351616 5.383086828077943 0.621485
26 3 0 21 1 1310.6150918441358 -0.21676960235692275 -0.0035822135183281394 1.4988579945542646 5.607405615886977 0.0217763
27 1 0 21 1 3284.114838293033 -0.852120552929957 2.6816855937851143 2.2965682110834886 0.33756599444154994 0.73264
28 2 0 21 1 1242.3496386755228 0.05485765461874255 2.33244498078787 1.0200996923498535 0.9353947357160288 0.000117235
29 3 0 21 0 3222.825918402677 -0.5821144190839892 4.351872491504649 2.34421015345444 5.233017727117952 0.000255649
30 3 0 21 0 2959.101947700897 -0.47825969209157965 3.0682765366273346 0.165985534441577 5.417527306536345 0.153801
31 1 1 21 1 3154.549019520613 -0.6157134778231295 -1.2911400077828223 0.7291499583813081 5.864190582307294 0.00403269
32 3 0 21 1 2808.141500108651 -0.9186608888874364 -0.5748192228191511 2.7401724193358317 5.760434591842597 0.0140838
33 2 0 21 1 3237.928882030991 -0.6823435015918309 -0.4596389742294584 1.4803979565398195 4.9528315083563 0.119422
34 2 1 21 1 1269.890963356624 -0.191645427811559 3.8363458241253956 1.6006768730559717 5.864245046228293 3.40628e-05
35 1 0 21 1 2432.972676767337 -0.31418168912013894 -0.04303847298409785 1.8482015534518095 6.055926488681882 0.000393621
36 1 0 21 1 3440.246505184777 -0.7809929268971985 3.1510492203010956 2.8909652141564655 0.3749097608461643 3.70801e-05
37 2 0 21 1 3498.9668074401725 -0.772442316891382 2.070027931749683 1.6264089885404616 6.209033539597874 0.538226
38 3 1 21 1 1410.3521964241424 0.034124490449902366 -0.23909132937169 2.4719588239650903 0.31424308763072945 0.00365079
39 3 0 21 0 2927.4396393250636 -0.7298446951563767 3.4994183656810334 0.4337359534901655 0.46567404713578814 0.00349036
40 3 0 21 1 3111.5368555427485 -0.5825707130933031 0.2576369419952667 1.6521584638976583 1.5707963267948966 0.00889387
41 1 0 21 1 3481.2397978750723 -0.8060356120128778 -1.03383131243083 1.8220526181513046 0.9348950867912525 0.0128209
42 2 1 21 1 2301.054231361283 -1.2914908290448166 -1.018286822489856 1.8191495066507317 1.4341504062939505 0.00752991
43 3 1 21 1 3726.8350348583012 -0.803245923740255 -1.4620214469881452 1.178304441105379 6.195894851492943 0.0146064
44 1 0 21 0 2062.441355417026 -0.2608370854935813 3.15477379923366 0.4617998647990855 1.3068887962240978 0.0356111
45 3 1 21 1 2933.4401420781064 -0.21710798382518143 1.7507186830049153 1.0174101800370836 5.409649997575447 0.853938
46 1 0 21 1 3492.3580534587327 -0.6858733235271272 -0.833652427237572 2.4724052209431306 1.3416545197312182 0.208928
47 3 0 21 1 2660.6510124928495 -0.15162674492462735 1.6835105100565952 1.7583652382650363 6.1666903432113145 0.123406
48 2 0 21 1 2467.054537603099 -0.570279317820022 3.0906061266426623 2.407201648531999 6.19997085815 0.285184
49 2 0 21 1 2890.142270956376 -1.1203681989396348 1.1609746400918208 0.8939573002736642 6.249339345224855 0.0350964
50 3 0 21 1 2366.5979575958413 -0.017697968639421406 3.3092095200509006 2.348185566960957 0.6562380235152995 0.276442
51 1 0 21 1 1782.103175904254 -0.5176673941638053 2.433717585405938 1.658276562109753 0.4691180714950924 0.0445935
52 1 0 21 0 2775.0630408951138 -0.38876719058188447 1.7693328611096077 2.6608116476138424 0.9833288273197038 0.0151391
53 3 1 21 1 3574.772530446165 -0.7674146222412735 3.4523202174646004 1.1585265052114861 5.375144586063902 0.348276
54 2 0 21 1 2751.3571676304896 -0.9587293807481443 2.9133832513412132 1.9234677041913397 5.413292801974542 0.00526989
55 3 1 21 1 2471.366442469108 -0.17565617230969727 3.689256731474351 1.181298394776874 1.320762640025244 0.0797544
56 2 1 21 1 1791.4647798969893 -0.14106844707606486 4.708422604156698 1.5595479895969182 5.860336553840152 0.0114176
57 3 1 21 1 2587.1500395083426 -0.19522800538123422 2.387852390244548 2.6766984452555724 1.0205069869197956 0.228392
58 2 0 21 1 2922.1758613107495 -0.16219321397371197 3.3513492297313388 1.5860326162915668 6.123931595074255 0.0342729
59 2 0 21 1 2564.716227909201 -0.012431243197291292 0.5563675238217147 0.5840686774221036 5.009157836767623 0.643475
60 2 0 21 0 2030.742567866942 -0.33199624978940623 2.7191979436098475 1.3891561596448696 1.3680653016302942 0.0881774
61 3 0 21 1 2679.840013398347 -0.6641761217939622 -0.8426232929698969 1.7241082087318536 5.473485838850934 0.0831437
62 1 0 21 1 3341.046214760411 -0.81087070022432 4.242174588971354 1.2133063535177535 6.262395855557656 0.00128965
63 3 1 21 1 1950.8722537383221 -0.6637488004446813 -0.7626462779550811 1.5553930176989788 4.8063265973480735 0.00731183
64 2 1 21 1 3070.8560619353148 -0.9193035450711187 0.9640649332675103 1.7808117661624252 0.13221549440207495 0.930413
65 3 1 21 1 3693.6571194507046 -0.7969792577106082 0.9194749281051441 1.0067820801087322 5.234800676822415 0.000252451
66 2 0 21 0 3556.3612107724493 -0.8289719902838499 -0.4967079730264465 2.3616672526246316 0.2567820427174392 0.140102
67 1 0 21 1 2546.9508083742803 0.014966772431903384 -0.28667435979419653 0.8842044358898968 0.10896584672010197 0.321085
68 1 0 21 1 2624.310917190494 -0.0540907707450281 -0.6221060190858436 2.7723196712634723 5.07676218251178 0.00303325
69 2 1 21 1 2579.1352192591294 -0.45002017849899745 -0.5317918679690875 0.5091400354626172 0.8587632868715611 0.174572
70 2 0 21 1 756.7937574208821 -0.607325218945742 2.9233836389587733 2.0565443654388105 0.38142434589416163 0.00203395
71 1 1 21 1 2723.9626839717257 -0.5534923024362723 3.9818412033473085 3.0468259975448753 6.17819354460944 0.381471
72 1 0 21 1 3065.286907581942 -0.7600629697663677 4.329997390613407 1.3356852580739322 0.7708289461446038 0.0285215
73 1 0 21 1 2303.1112588392252 0.07741538686713637 4.521477672600068 1.7621866344355264 6.253511000210644 0.267677
74 3 1 21 1 1967.1766774463458 -0.7717439231247076 0.6384701130644602 2.61648105186806 0.041745617804878433 0.262446
75 3 0 21 1 2728.349351312561 -1.0843670043005964 -0.7774146331157876 1.805289439030063 1.3053253455261715 0.000148178
76 1 1 21 0 2678.0059057897565 -0.2497427685645978 1.4783169548967756 2.075369673239887 4.846861830026251 0.583857
77 1 1 21 1 2528.645606991537 0.05464861554907643 -0.6898515725109123 2.8180026232675184 1.406973752697541 0.441332
78 1 0 21 0 2754.8551859225636 -0.5593749205094589 -0.9237855558276094 0.7797604332144575 1.2498750381515158 0.766151
79 1 0 21 1 3623.4953387459555 -0.7394779272234646 4.566323401612941 1.5142472929271034 5.136599937238934 0.114839
80 2 0 21 1 2624.3614838949443 -1.2769611973964183 2.2482464299885576 1.711816263976393 0.0276096495031904 0.459126
81 3 0 21 1 3031.3537427422193 -0.6952779203920333 3.8298201375229164 2.8070543484289416 6.079980658788381 0.341122
82 1 1 21 1 2505.9578963577296 -0.9593199950299123 4.532020988606388 1.2988725728972375 5.08728136903306 0.0755242
83 2 1 21 1 2987.56339166814 -0.4360675030544546 -1.0621254023703115 1.5075453607016007 0.1663482405189473 0.000990369
84 1 0 21 0 3157.0430702569215 -0.5066224881559166 2.669132643589765 1.3227113674992461 0.9635134657887457 0.395439
85 1 0 21 1 1437.2886051415132 -0.8521902236449397 3.4895442720947547 1.4657512472444758 0.8342940877295844 0.154476
86 1 0 21 1 2907.5316817625303 -0.5428153807615668 1.4918118969610534 2.4297507878207854 0.8602414930538653 0.00510617
87 3 1 21 1 3030.1496389805666 -0.6956094750701507 3.745734632169948 2.160833606801301 0.6191992159891412 0.0013763
88 2 0 21 1 2153.1864968521436 -0.03339011677625919 1.935127343341671 0.9292987140937314 0.03600988164321437 0.0226143
89 2 0 21 0 1058.674826054727 -0.030119362550815335 3.502118077052028 1.2136404566295576 5.005271027098007 0.0512098
90 3 0 21 1 1252.983978494067 -0.4296043568770156 3.27393507126068 0.7737029494103995 1.2438623811089917 0.0329614
91 1 0 21 1 3211.539370701357 -0.7511803323494156 0.8774689188451805 1.164623975759369 5.1788702603379 0.618459
92 1 1 21 0 3656.3644849731377 -0.8114385352073598 1.0454019859564447 0.8597023646480199 0.8043905575237387 0.00209856
93 2 1 21 0 2402.2396511191 -0.14280279610657018 3.21493450573662 0.9268013765267652 0.23258804503447816 0.00129611
94 1 0 21 1 824.7974538738652 -0.20993131799429052 1.5067440213431151 2.8918376268848407 5.56801235641003 0.0320172
95 3 0 21 0 2914.674352760061 -1.1955669831229392 2.0162791390619605 1.4903449690338468 0.045600845614924064 0.0393443
96 2 0 21 1 2484.2891126293766 -0.8232532891236926 0.6846201112429543 0.9163198258965574 5.706780947015528 0.0154992
97 2 0 21 1 2962.5477561145935 -0.07158123962052929 -1.4483451207763745 1.62567226459378 5.553219970626427 0.00451783
98 2 0 21 1 2851.5817049602624 -1.1578475265574888 3.059766744677311 0.9389024562116421 6.1475778390413405 0.388059
99 2 0 21 1 2506.8864759890544 -0.17719294884158737 0.28218924624547054 1.6250974082898504 0.7761771616795158 0.853202
100 2 1 21 1 2529.362481554358 -0.15956281872887987 -0.9597933302249518 2.044278355539053 4.992879760658082 0.236